	l_bond_spread_fred	l_frt_2015	d_frt_2015	l_pubdebtgdp_gen	d_pubdebtgdp_gen	l_frt2015xl_pub_gen	d_frt_2015xd_pubdebtgdp_gen	l_frt2015xd_pubdebtgdp_gen	d_frt_2015xl_pub_gen	l_infl	d_infl	l_cgdpgrowth	d_cgdpgrowth	l_pcgdp2005l	d_pcgdp2005l	l_oecdgrowth	d_oecdgrowth	l_us3mrate	d_us3mrate	l_vix	d_vix	l_uds	d_uds	imf_program_lag	_cons	
l_bond_spread_fred	  .0024576	 .00076711	-.00362571	 .00004025	-.00025785	-.00001492	-.00021643	 .00001782	 .00006958	-.00098473	-8.141e-06	-.00134671	 -.0009745	 .00020974	 .00125477	 .00122705	 .00064731	 .00013397	-.00004776	 .00002986	-.00006636	-.00173723	-.00310307	-.02391639	-.00783625	
l_frt_2015	 .00076711	 .00967552	-.02486971	 .00008762	 -.0000346	-.00008857	 .00089857	-7.060e-06	  .0003907	-.00016555	-.00022201	 .00131234	 .00135348	 .00036338	-.00228164	-.00111953	-.00073394	  .0003022	 .00125355	 .00018392	 .00021011	-.00175228	 .00281223	-.00829854	-.02020058	
d_frt_2015	-.00362571	-.02486971	  1.002995	  .0007285	 .00016248	 .00015898	-.00162687	 .00143558	-.01611595	 .01036192	 .00629328	 .00590301	 .00458419	 .00086702	-.01537145	-.00349291	 .00056708	 .00206103	 .00500973	 .00140617	 .00211206	 .02603667	-.01797737	 .11537491	-.17327517	
l_pubdebtgdp_gen	 .00004025	 .00008762	  .0007285	 .00002277	 .00005139	-1.675e-06	 .00004749	-2.348e-06	-8.763e-06	 .00014232	 .00014702	 .00005167	 .00001452	   .000015	-.00003558	-.00001073	 .00001683	 -.0000158	 .00008233	 .00001445	  .0000172	 8.844e-06	-.00034401	 .00229987	-.00264664	
d_pubdebtgdp_gen	-.00025785	 -.0000346	 .00016248	 .00005139	 .00027368	 1.245e-07	 .00025877	-.00001612	 3.445e-06	 .00072227	 .00048164	 .00059872	 .00030401	-3.089e-06	 -.0003098	-.00031519	-.00008626	-.00008191	 .00036119	 .00004143	 .00006435	 .00061753	  .0000256	 .01293316	 -.0068193	
l_frt2015xl_pub_gen	-.00001492	-.00008857	 .00015898	-1.675e-06	 1.245e-07	 8.997e-07	-7.881e-06	 2.473e-07	-2.745e-06	 3.499e-07	-2.228e-06	-8.602e-06	 -.0000104	-4.647e-06	 .00002076	 6.155e-06	 4.158e-06	-3.837e-06	-.00001326	-2.196e-06	-2.241e-06	 .00001699	-3.178e-06	 .00010538	 .00030669	
d_frt_2015xd_pubdebtgdp_gen	-.00021643	 .00089857	-.00162687	 .00004749	 .00025877	-7.881e-06	 .00063087	-.00001208	 .00002472	 .00079332	 .00060256	 .00074519	 .00048297	  .0000297	-.00084978	-.00049103	-.00018475	  .0000485	 .00058017	 .00005907	 .00006301	 .00050301	 .00044964	 .01562629	-.00824629	
l_frt2015xd_pubdebtgdp_gen	 .00001782	-7.060e-06	 .00143558	-2.348e-06	-.00001612	 2.473e-07	-.00001208	 9.618e-06	-.00002501	-.00003641	 -.0000157	-.00004337	-.00004921	-4.468e-06	 .00004872	 .00003459	 .00004497	-.00001997	-.00002194	-7.183e-07	 6.001e-08	-.00010478	-.00025298	-.00076187	 .00063309	
d_frt_2015xl_pub_gen	 .00006958	  .0003907	-.01611595	-8.763e-06	 3.445e-06	-2.745e-06	 .00002472	-.00002501	  .0002617	-.00014926	-.00009095	-.00008302	-.00005798	-7.676e-06	 .00022335	 .00006579	-2.877e-06	-.00002151	-.00006523	-.00001883	-.00003148	-.00038491	 .00023783	-.00202289	 .00211982	
l_infl	-.00098473	-.00016555	 .01036192	 .00014232	 .00072227	 3.499e-07	 .00079332	-.00003641	-.00014926	 .00283308	 .00215151	 .00187888	 .00098007	-2.156e-06	-.00114372	-.00139998	-.00051637	 -.0001812	 .00116816	 .00012249	 .00014619	  .0026785	-.00158608	 .03813923	-.02187536	
d_infl	-8.141e-06	-.00022201	 .00629328	 .00014702	 .00048164	-2.228e-06	 .00060256	 -.0000157	-.00009095	 .00215151	 .00229119	 .00087188	 .00022197	 .00004406	 -.0002424	-.00089252	-.00028094	-.00011064	 .00096123	 .00007989	 .00005047	 .00129993	-.00356099	 .02489606	-.01893869	
l_cgdpgrowth	-.00134671	 .00131234	 .00590301	 .00005167	 .00059872	-8.602e-06	 .00074519	-.00004337	-.00008302	 .00187888	 .00087188	 .00380126	 .00288267	 .00008823	-.00287692	 -.0027799	-.00201222	 .00020989	 .00130929	 .00001952	  .0000771	 .00365511	 .00521622	 .00533827	-.01822062	
d_cgdpgrowth	 -.0009745	 .00135348	 .00458419	 .00001452	 .00030401	 -.0000104	 .00048297	-.00004921	-.00005798	 .00098007	 .00022197	 .00288267	 .00260992	 .00011587	-.00255901	-.00212405	-.00200927	 .00037337	  .0009197	-4.329e-06	-6.693e-06	  .0034023	 .00587489	-.01389122	-.01401887	
l_pcgdp2005l	 .00020974	 .00036338	 .00086702	   .000015	-3.089e-06	-4.647e-06	  .0000297	-4.468e-06	-7.676e-06	-2.156e-06	 .00004406	 .00008823	 .00011587	 .00007349	-.00014167	-.00007102	-.00009605	 .00013131	 .00009057	 4.109e-07	-.00001384	-.00026638	 .00008342	-.00225001	-.00374579	
d_pcgdp2005l	 .00125477	-.00228164	-.01537145	-.00003558	 -.0003098	 .00002076	-.00084978	 .00004872	 .00022335	-.00114372	 -.0002424	-.00287692	-.00255901	-.00014167	 .00417693	 .00199838	 .00128173	-.00074921	 -.0015105	-.00016453	-.00023155	-.00405596	-.00646823	 -.0151867	 .02157717	
l_oecdgrowth	 .00122705	-.00111953	-.00349291	-.00001073	-.00031519	 6.155e-06	-.00049103	 .00003459	 .00006579	-.00139998	-.00089252	 -.0027799	-.00212405	-.00007102	 .00199838	 .00277051	  .0020354	-.00039464	-.00086534	 .00009747	 .00006813	-.00229765	 -.0044399	 -.0084886	 .00791408	
d_oecdgrowth	 .00064731	-.00073394	 .00056708	 .00001683	-.00008626	 4.158e-06	-.00018475	 .00004497	-2.877e-06	-.00051637	-.00028094	-.00201222	-.00200927	-.00009605	 .00128173	  .0020354	 .00240921	-.00039997	-.00046255	 .00013801	 .00023056	-.00210288	-.00583049	 .02609794	 .00436221	
l_us3mrate	 .00013397	  .0003022	 .00206103	 -.0000158	-.00008191	-3.837e-06	  .0000485	-.00001997	-.00002151	 -.0001812	-.00011064	 .00020989	 .00037337	 .00013131	-.00074921	-.00039464	-.00039997	 .00076878	 .00031407	-.00001826	  -.000077	 .00088872	 .00213393	-.00002005	-.00621889	
d_us3mrate	-.00004776	 .00125355	 .00500973	 .00008233	 .00036119	-.00001326	 .00058017	-.00002194	-.00006523	 .00116816	 .00096123	 .00130929	  .0009197	 .00009057	 -.0015105	-.00086534	-.00046255	 .00031407	 .00135291	 .00015669	 .00014504	 .00221287	  .0021062	 .01443605	 -.0191953	
l_vix	 .00002986	 .00018392	 .00140617	 .00001445	 .00004143	-2.196e-06	 .00005907	-7.183e-07	-.00001883	 .00012249	 .00007989	 .00001952	-4.329e-06	 4.109e-07	-.00016453	 .00009747	 .00013801	-.00001826	 .00015669	 .00005291	 .00005691	 .00033865	-.00007922	 .00330478	-.00297617	
d_vix	-.00006636	 .00021011	 .00211206	  .0000172	 .00006435	-2.241e-06	 .00006301	 6.001e-08	-.00003148	 .00014619	 .00005047	  .0000771	-6.693e-06	-.00001384	-.00023155	 .00006813	 .00023056	  -.000077	 .00014504	 .00005691	 .00009506	 .00025882	-.00022869	 .00714711	-.00242678	
l_uds	-.00173723	-.00175228	 .02603667	 8.844e-06	 .00061753	 .00001699	 .00050301	-.00010478	-.00038491	  .0026785	 .00129993	 .00365511	  .0034023	-.00026638	-.00405596	-.00229765	-.00210288	 .00088872	 .00221287	 .00033865	 .00025882	 .02420212	 .00484295	 .00736889	-.04543506	
d_uds	-.00310307	 .00281223	-.01797737	-.00034401	  .0000256	-3.178e-06	 .00044964	-.00025298	 .00023783	-.00158608	-.00356099	 .00521622	 .00587489	 .00008342	-.00646823	 -.0044399	-.00583049	 .00213393	  .0021062	-.00007922	-.00022869	 .00484295	 .04369639	-.02779419	 .01185562	
imf_program_lag	-.02391639	-.00829854	 .11537491	 .00229987	 .01293316	 .00010538	 .01562629	-.00076187	-.00202289	 .03813923	 .02489606	 .00533827	-.01389122	-.00225001	 -.0151867	 -.0084886	 .02609794	-.00002005	 .01443605	 .00330478	 .00714711	 .00736889	-.02779419	 2.3547767	-.21175895	
_cons	-.00783625	-.02020058	-.17327517	-.00264664	 -.0068193	 .00030669	-.00824629	 .00063309	 .00211982	-.02187536	-.01893869	-.01822062	-.01401887	-.00374579	 .02157717	 .00791408	 .00436221	-.00621889	 -.0191953	-.00297617	-.00242678	-.04543506	 .01185562	-.21175895	   .525969	
