	l_lt_ratecov_fred	l_frt_2015	d_frt_2015	l_pubdebtgdp_gen	d_pubdebtgdp_gen	l_frt2015xl_pub_gen	d_frt_2015xd_pubdebtgdp_gen	l_frt2015xd_pubdebtgdp_gen	d_frt_2015xl_pub_gen	l_infl	d_infl	l_cgdpgrowth	d_cgdpgrowth	l_pcgdp2005l	d_pcgdp2005l	l_oecdgrowth	d_oecdgrowth	l_us3mrate	d_us3mrate	l_vix	d_vix	l_uds	d_uds	imf_program_lag	_cons	
l_lt_ratecov_fred	 .00311658	 .00644898	-.03713702	-.00016085	-.00026984	-.00004138	 .00070304	-.00019264	 .00051082	 .00154145	-.00015278	 .00038954	-.00189448	-.00004109	-.00305328	 .00325268	 .00534472	-.00347676	-.00822802	-.00044652	 .00010337	 .01078022	 .02533803	 -.0299693	-.02110341	
l_frt_2015	 .00644898	 .67050649	-1.8060374	 .00899699	  .0037655	-.00663705	-.00570538	-.01377112	 .03711223	 .00093087	-.00380083	 .05249914	 .05702153	 .02824249	-.15712837	-.01309434	-.01608349	 .04501945	-.01142609	-.00729323	-.01293362	 .33516301	 .05256671	-.58584642	-2.2116284	
d_frt_2015	-.03713702	-1.8060374	 17.717065	-.01994656	-.06288117	 .01832303	-.10808345	 .06683059	-.28822041	 .16121076	 .01975385	-.18205721	-.15300056	-.11628452	 .50959781	 .06950371	 .00093587	-.35671907	 .17344712	 .06009238	  .1223925	 .11581426	 .74940741	 1.6161463	 5.2968762	
l_pubdebtgdp_gen	-.00016085	 .00899699	-.01994656	 .00060312	 .00049441	-.00011301	 .00024788	-.00017755	 .00054984	 .00115811	-.00058629	 .00128077	 .00100989	 .00105752	-.00253008	 .00025878	 .00021425	 .00159588	 -.0000201	-.00011562	-.00025151	-.00349539	-.00375312	-.03161568	-.07737871	
d_pubdebtgdp_gen	-.00026984	  .0037655	-.06288117	 .00049441	 .00299788	-.00006205	 .00158105	-.00038914	 .00087292	-.00194544	-.00221374	 .00067769	 -.0002514	 .00087625	 .00163743	 .00286999	 .00445733	 .00251412	 .00025891	 .00054791	 .00005183	-.00092477	 -.0136589	-.09480668	-.08585947	
l_frt2015xl_pub_gen	-.00004138	-.00663705	 .01832303	-.00011301	-.00006205	 .00006928	 .00002598	 .00013482	-.00038446	 .00001425	 .00012484	-.00052709	-.00057957	-.00031163	 .00158474	  .0000966	 .00010903	-.00056117	  .0001501	 .00009362	 .00015846	-.00229433	  .0003136	 .00669529	 .02265012	
d_frt_2015xd_pubdebtgdp_gen	 .00070304	-.00570538	-.10808345	 .00024788	 .00158105	 .00002598	 .00656934	 5.308e-06	 .00144797	 -.0013297	 .00089088	-.00046858	 .00088454	 .00059509	-.00224211	 .00236698	 .00251793	 .00167461	-.00078412	 .00003397	-.00002293	-.00981239	-.01048618	-.04898523	-.03298799	
l_frt2015xd_pubdebtgdp_gen	-.00019264	-.01377112	 .06683059	-.00017755	-.00038914	 .00013482	 5.308e-06	 .00045079	-.00121352	 .00083537	 .00034783	-.00091918	-.00088231	-.00074343	 .00301886	 .00004005	-.00009775	-.00179739	 .00097519	 .00024646	 .00060295	-.00782631	-.00028439	 .01909748	 .05257979	
d_frt_2015xl_pub_gen	 .00051082	 .03711223	-.28822041	 .00054984	 .00087292	-.00038446	 .00144797	-.00121352	 .00509125	-.00243479	  -.000395	 .00298016	 .00269521	 .00228513	-.01019156	-.00058248	 .00010195	 .00584374	-.00303491	-.00113879	-.00211786	 .00121202	-.01480831	-.03857569	-.11574225	
l_infl	 .00154145	 .00093087	 .16121076	 .00115811	-.00194544	 .00001425	 -.0013297	 .00083537	-.00243479	 .02753803	 .01162475	 .00560049	-.00145547	-.00106477	 .00203783	-.00654557	 .00136155	-.01042877	 .00158667	 .00035139	 .00390929	-.01192678	 .04476734	 .00077296	-.06017794	
d_infl	-.00015278	-.00380083	 .01975385	-.00058629	-.00221374	 .00012484	 .00089088	 .00034783	  -.000395	 .01162475	 .01931214	-.00246727	-.00041156	 -.0023741	 .00082738	-.00992087	-.00302333	-.00344173	  .0080668	 .00140952	 .00297596	 .04569468	-.00578191	 .04754863	 .04142637	
l_cgdpgrowth	 .00038954	 .05249914	-.18205721	 .00128077	 .00067769	-.00052709	-.00046858	-.00091918	 .00298016	 .00560049	-.00246727	 .03804734	 .02617657	  .0066715	-.04069146	-.02315753	-.00854664	 .00006768	-.00828286	-.00320836	-.00133937	-.01137502	 .02887966	 .01667166	-.28037283	
d_cgdpgrowth	-.00189448	 .05702153	-.15300056	 .00100989	 -.0002514	-.00057957	 .00088454	-.00088231	 .00269521	-.00145547	-.00041156	 .02617657	 .03045792	 .00514863	-.03921914	-.01663992	-.01827625	 .00626986	 .00101737	-.00206274	-.00224495	 .01598759	-.00384179	 .04592978	-.24357858	
l_pcgdp2005l	-.00004109	 .02824249	-.11628452	 .00105752	 .00087625	-.00031163	 .00059509	-.00074343	 .00228513	-.00106477	 -.0023741	  .0066715	 .00514863	 .00427004	-.01169808	-.00269475	-.00089448	  .0059134	-.00343476	-.00140561	-.00237607	-.01474418	-.00810014	-.05086111	-.19388954	
d_pcgdp2005l	-.00305328	-.15712837	 .50959781	-.00253008	 .00163743	 .00158474	-.00224211	 .00301886	-.01019156	 .00203783	 .00082738	-.04069146	-.03921914	-.01169808	 .10073006	  .0116795	 .00426231	-.01041935	  .0145098	 .00472116	 .00469516	  -.059944	-.02650433	 .03423917	 .65922784	
l_oecdgrowth	 .00325268	-.01309434	 .06950371	 .00025878	 .00286999	  .0000966	 .00236698	 .00004005	-.00058248	-.00654557	-.00992087	-.02315753	-.01663992	-.00269475	  .0116795	 .04282986	 .02431638	-.00715946	-.01102557	 .00263254	-.00008055	-.01991063	 -.0047078	-.17229555	 .02080256	
d_oecdgrowth	 .00534472	-.01608349	 .00093587	 .00021425	 .00445733	 .00010903	 .00251793	-.00009775	 .00010195	 .00136155	-.00302333	-.00854664	-.01827625	-.00089448	 .00426231	 .02431638	 .03854341	-.00817739	-.01692114	 .00170916	 .00217112	-.01588451	-.00658779	 -.2396939	-.05055213	
l_us3mrate	-.00347676	 .04501945	-.35671907	 .00159588	 .00251412	-.00056117	 .00167461	-.00179739	 .00584374	-.01042877	-.00344173	 .00006768	 .00626986	  .0059134	-.01041935	-.00715946	-.00817739	 .03011466	 .00671979	-.00182077	-.00617067	-.01238836	-.06677101	-.03484921	 -.2856845	
d_us3mrate	-.00822802	-.01142609	 .17344712	 -.0000201	 .00025891	  .0001501	-.00078412	 .00097519	-.00303491	 .00158667	  .0080668	-.00828286	 .00101737	-.00343476	  .0145098	-.01102557	-.01692114	 .00671979	 .03754947	 .00406634	 .00458121	 .03007193	-.05132123	 .06979461	 .08145848	
l_vix	-.00044652	-.00729323	 .06009238	-.00011562	 .00054791	 .00009362	 .00003397	 .00024646	-.00113879	 .00035139	 .00140952	-.00320836	-.00206274	-.00140561	 .00472116	 .00263254	 .00170916	-.00182077	 .00406634	 .00158659	 .00169014	 .01597347	-.00403035	-.02009326	  .0095275	
d_vix	 .00010337	-.01293362	  .1223925	-.00025151	 .00005183	 .00015846	-.00002293	 .00060295	-.00211786	 .00390929	 .00297596	-.00133937	-.00224495	-.00237607	 .00469516	-.00008055	 .00217112	-.00617067	 .00458121	 .00169014	 .00341281	 .02360849	 .00915784	-.01762378	 .04474856	
l_uds	 .01078022	 .33516301	 .11581426	-.00349539	-.00092477	-.00229433	-.00981239	-.00782631	 .00121202	-.01192678	 .04569468	-.01137502	 .01598759	-.01474418	  -.059944	-.01991063	-.01588451	-.01238836	 .03007193	 .01597347	 .02360849	 1.4546047	 .41790118	-.65836963	-1.7730624	
d_uds	 .02533803	 .05256671	 .74940741	-.00375312	 -.0136589	  .0003136	-.01048618	-.00028439	-.01480831	 .04476734	-.00578191	 .02887966	-.00384179	-.00810014	-.02650433	 -.0047078	-.00658779	-.06677101	-.05132123	-.00403035	 .00915784	 .41790118	  .7432097	  .2347463	-.20027076	
imf_program_lag	 -.0299693	-.58584642	 1.6161463	-.03161568	-.09480668	 .00669529	-.04898523	 .01909748	-.03857569	 .00077296	 .04754863	 .01667166	 .04592978	-.05086111	 .03423917	-.17229555	 -.2396939	-.03484921	 .06979461	-.02009326	-.01762378	-.65836963	  .2347463	 5.3888134	 6.0283706	
_cons	-.02110341	-2.2116284	 5.2968762	-.07737871	-.08585947	 .02265012	-.03298799	 .05257979	-.11574225	-.06017794	 .04142637	-.28037283	-.24357858	-.19388954	 .65922784	 .02080256	-.05055213	 -.2856845	 .08145848	  .0095275	 .04474856	-1.7730624	-.20027076	 6.0283706	 16.191668	
